5.317863392718619053e+01
3.949958476185081224e+01
4.101103705770705687e+01
3.710728317574144342e+01
4.182603247936663138e+01
4.009173232895804517e+01
3.682527756039996802e+01
3.952922422596045493e+01
2.812245085162837555e+01
2.534394315904651407e+01
3.361285044109449416e+01
3.818743066521768981e+01
4.421574293097584984e+01
3.038947496049036090e+01
3.282080628710535564e+01
3.112835086664630069e+01
3.650433333463142560e+01
2.842016205998537615e+01
3.302253476607624094e+01
3.568698836810052200e+01
2.991419269406506487e+01
2.952464300474995085e+01
2.980628501226619775e+01
2.805856194681438609e+01
3.394079096645734950e+01
2.860314615803330440e+01
3.035651502702645388e+01
2.958784450078842454e+01
3.255424163119851499e+01
3.353802806517753510e+01
2.806881931038051192e+01
2.735942964008791023e+01
2.025688186143623781e+01
2.422189965845185000e+01
2.542641548768408200e+01
2.283297515520796850e+01
2.463681432751694445e+01
2.067083564041892174e+01
2.100214307536332825e+01
2.087920235738380015e+01
2.354782525257750336e+01
2.651935879205645463e+01
2.097915093484019522e+01
2.301520319460150432e+01
2.280996493582789952e+01
2.271431305560497904e+01
2.056359442938213533e+01
2.011552866235090065e+01
2.064383894321166579e+01
1.993726930874851888e+01
1.844939577028726063e+01
2.466752692480228859e+01
2.799230552471335187e+01
2.433323263676173909e+01
2.130045883660688943e+01
2.155722700955984905e+01
2.009865008218819327e+01
2.138822978600496327e+01
1.866119779980844839e+01
2.012646919595425743e+01
1.971465718014809099e+01
1.863554876480635158e+01
2.279785208070614289e+01
2.320266547012669633e+01
2.028350107593250939e+01
2.123440510805707859e+01
2.257053972509761053e+01
1.844771825991231040e+01
2.166419416558889210e+01
2.684415665380002380e+01
2.030266402778901380e+01
2.034579211810612165e+01
1.779023641786814736e+01
1.732940400953170013e+01
1.992803164222268819e+01
1.780752051241332978e+01
1.777244622269632401e+01
1.322504305123237955e+01
2.010673773288096555e+01
2.103824462746730006e+01
1.926879657441767435e+01
2.341795526379748082e+01
1.467918111903683709e+01
1.808099932194873816e+01
1.876816547881461616e+01
1.642943523476581902e+01
2.177426633647134935e+01
1.302881205514782437e+01
1.686184533371705641e+01
1.504786711851286540e+01
1.420638256801302290e+01
1.589119502512875570e+01
1.447473969767197133e+01
1.820291865829005573e+01
1.579745003006487281e+01
1.811531036959818763e+01
1.717797005456387538e+01
1.263034898879713452e+01
1.484264131456706082e+01
1.340409700985557429e+01
1.314290133166513286e+01
1.877390047867499590e+01
1.313176325981470782e+01
1.798130547824662173e+01
1.650683369432159253e+01
1.280770922479384488e+01
1.524543883641555198e+01
1.787630449642545472e+01
1.928732176831194778e+01
1.665513401361835832e+01
1.530243081228445412e+01
1.269482070836862775e+01
1.402337842633688503e+01
1.441867616697549437e+01
1.345594326643319327e+01
1.781124560089049425e+01
1.216054399902216154e+01
1.112554884091889384e+01
1.598356505514439974e+01
1.206384912686247546e+01
1.222468928156647827e+01
1.218467221832592529e+01
1.099356555643278810e+01
1.362755352917220542e+01
1.405093108540319058e+01
1.325019109219679869e+01
1.437973223438345549e+01
1.231368612118665951e+01
1.369542726729818582e+01
1.419930787778144143e+01
1.208703603133457882e+01
1.028756362772538857e+01
1.104554234691568304e+01
9.670954861621432030e+00
1.196165109358866552e+01
1.059843532153063883e+01
9.925332138591093312e+00
1.472220575528330500e+01
1.161624683558300575e+01
1.156030601926048540e+01
1.026699460464466540e+01
1.158046636340372082e+01
1.088360534753852704e+01
1.615085691585759875e+01
1.067326441999009745e+01
1.071411714451110342e+01
1.347306824279687021e+01
7.968140853657125433e+00
1.193177706764931578e+01
8.897068556408012086e+00
1.121085667688682896e+01
1.177433954179644005e+01
1.106834665665363282e+01
9.586872934709509408e+00
1.354782472702802387e+01
8.343503440722367159e+00
8.904204559057381729e+00
8.333407199171221080e+00
8.933633906457785656e+00
1.189090812812279374e+01
1.135328080577422050e+01
8.471080036441087202e+00
1.092120713704229473e+01
8.913567537459119450e+00
1.217130102652375001e+01
1.191864639347583932e+01
1.202486167768837788e+01
8.389734663223210376e+00
1.460074122366343552e+01
8.932009338767374018e+00
8.096173227162175579e+00
1.236029359363926261e+01
8.655292590386869378e+00
1.042167756268446510e+01
1.037064881002907946e+01
7.298745712213067449e+00
1.045426935607401475e+01
7.385882094691226918e+00
9.896999187999689696e+00
9.028564950792805632e+00
8.718468017187902319e+00
9.494393518208335436e+00
8.270660106729692984e+00
8.484034178112297653e+00
1.104426312758379858e+01
1.027228047011547929e+01
7.441377077746264668e+00
8.451603872020303498e+00
1.095332878813109367e+01
9.190953319264526300e+00
7.510856025864007357e+00
1.000478315503167082e+01
9.646313315397465615e+00
8.801455238836496164e+00
7.050612094474295155e+00
8.939563777194011962e+00
9.553965644332182094e+00
8.541030082635389320e+00
1.028553826257480353e+01
9.279250007781987719e+00
1.188820679783236045e+01
1.110200070726084220e+01
7.570373714920538788e+00
1.207856112364778056e+01
6.856984811565808080e+00
7.615157423935355219e+00
9.716271938006439512e+00
1.063322479910390683e+01
5.945073115991998947e+00
8.360502989687295994e+00
6.289954218233892114e+00
9.783816248265861049e+00
9.952466581162456194e+00
7.763376700198834079e+00
9.210134326809832572e+00
7.836204717005721854e+00
1.083520204988803748e+01
8.197426859721753445e+00
8.135647512496188227e+00
1.227693226377967761e+01
1.111532970367501427e+01
8.809873812029266560e+00
8.920346180912652301e+00
8.227387510855866282e+00
7.440130917404385258e+00
9.953264062504571186e+00
8.998211334594133248e+00
7.657120173482964809e+00
8.453568922919071582e+00
9.538814061684790957e+00
7.512663260977220148e+00
8.781511312294519200e+00
7.564083499983714098e+00
1.002888032322597489e+01
1.179438633129126401e+01
7.087277262457163829e+00
1.121042605184112873e+01
1.030772821655454408e+01
1.107930097851224360e+01
8.182693057207215404e+00
9.488985346046437286e+00
8.455306468091235317e+00
8.683238185433484801e+00
8.778677470133919414e+00
9.976393232248256027e+00
9.205929025640068986e+00
9.206592613093519617e+00
9.153093751001634359e+00
9.238906424254851757e+00
8.056693624799397213e+00
8.484455597584442899e+00
7.402171146378820232e+00
7.489982023777525200e+00
7.623407524801734780e+00
9.249546184496733048e+00
8.572836118196747179e+00
9.199558854455942125e+00
8.432205144422928456e+00
1.013850358700621257e+01
6.848205389134353283e+00
7.529778583801912006e+00
1.014774832939241023e+01
9.758596071725468946e+00
9.292234159152746642e+00
6.883580869996579032e+00
8.263957390372191014e+00
8.825069159442749722e+00
9.254444585092592490e+00
9.344186501488822572e+00
1.058866046923108861e+01
8.525724459270479727e+00
8.270337590650708393e+00
1.183243772710530095e+01
8.037568010325461643e+00
8.095394413863964189e+00
1.272629347806782363e+01
1.235813514953242809e+01
1.101072681973122158e+01
8.278578819592267379e+00
1.268896871632450107e+01
1.080870214830592602e+01
1.208671936474762987e+01
7.419106244909186465e+00
9.653438819232901480e+00
9.492952622438560084e+00
8.816156560673675813e+00
9.640557470502047366e+00
7.481732879629184652e+00
9.500673682126620889e+00
1.190729465331685155e+01
1.003005222836759636e+01
1.099174610858140433e+01
1.030465784835374876e+01
8.099349069541572632e+00
9.847664820207347347e+00
1.103366372229364423e+01
8.242376496992644519e+00
9.464525789511316844e+00
7.826195144923771885e+00
9.785649531605622897e+00
6.751933879476220923e+00
1.088033245852710174e+01
8.549442018893111950e+00
9.199092308006848739e+00
1.072052064466705268e+01
1.329011102195040195e+01
9.718222527168490998e+00
1.372641262466652812e+01
7.253240653109486402e+00
6.961846670997619668e+00
6.992603506458706875e+00
8.682494173829971018e+00
9.076320294853095660e+00
1.033176788033425808e+01
8.396317043492947718e+00
7.528785860353709225e+00
8.860202768271182805e+00
7.285764229933798575e+00
9.271404475851719340e+00
8.638054114484244650e+00
1.065180689506724931e+01
1.328985003527617614e+01
8.296366687697716458e+00
7.882230560675506759e+00
1.406923797324891368e+01
9.340490540417743404e+00
7.644785354054772775e+00
8.678924258350370735e+00
9.924522723734192198e+00
9.743696868966408076e+00
1.212023015833124084e+01
4.641335849386339696e+00
6.541856775192139040e+00
8.231036289249480831e+00
9.721060712453667207e+00
7.876878834801970264e+00
1.261111406327546547e+01
8.851633632162528187e+00
9.215356437282732571e+00
8.113932306036288011e+00
1.080204100304444204e+01
1.739370954220008159e+01
6.351266373470081383e+00
8.762057217711936019e+00
9.479664997734531084e+00
1.054436377145881565e+01
9.131046046653692017e+00
1.390700267240150900e+01
6.371919473171827164e+00
8.254006854481065858e+00
1.124305769595545712e+01
1.230589704682963692e+01
9.048841873774778222e+00
1.040991745412988578e+01
7.662449024186051005e+00
8.410312072608782330e+00
8.213776288438547013e+00
9.294666321843795487e+00
1.240801037106619731e+01
8.104135564880365905e+00
8.007584048846570823e+00
9.205626811521460340e+00
9.084446909650242930e+00
6.928009443721868443e+00
8.028598220207712188e+00
9.902037511225520561e+00
1.166377582897715826e+01
1.220668289127025474e+01
1.104139334345610202e+01
9.977330181512231277e+00
8.366317006818411173e+00
8.234745295744897220e+00
1.024245913072002523e+01
6.678876717994857160e+00
8.830380183613581124e+00
8.223568523987271561e+00
9.041190894945092538e+00
1.050720947510138181e+01
7.392933413454220393e+00
8.346443042288772318e+00
8.486381355465015375e+00
7.841779118997041387e+00
8.630907215593163428e+00
8.758798282760801968e+00
8.479793093012172989e+00
7.293225420543541837e+00
7.839410175434498917e+00
1.320215389846987541e+01
1.013053962400776520e+01
1.081411181707085767e+01
8.280141014192730964e+00
6.931210649436999383e+00
7.158497541348226356e+00
9.872965431123374103e+00
1.254346873510199245e+01
8.641085632277563988e+00
1.228228999678166566e+01
8.156979764808159672e+00
1.267455272668584776e+01
1.022270080975360074e+01
1.115107166456212973e+01
9.137955899303102925e+00
8.468544336163832398e+00
7.582042707104924339e+00
6.638354121212157288e+00
1.016414388192548479e+01
1.397633097332034779e+01
8.312574623674832353e+00
9.153865465913822774e+00
9.262808212452149803e+00
8.876392475582159491e+00
8.089996167989356834e+00
8.400071232629931828e+00
1.014464567515546634e+01
1.007777581776407416e+01
8.835865503408326660e+00
1.369861038666786790e+01
9.062106643373212478e+00
8.766646971958424572e+00
9.149693658056108347e+00
2.267728206732185470e+01
1.173618072583681027e+01
9.204393791477277986e+00
7.307631045557749339e+00
9.076256147019371667e+00
7.815427562548752149e+00
1.724566601270554855e+01
9.570689650084007738e+00
9.254654893385160008e+00
9.201610008411602593e+00
9.169641257283940305e+00
7.324998415628110493e+00
1.367955536859251708e+01
9.973217879810468034e+00
1.968958313678810867e+01
1.039842176779535876e+01
1.307090444982269695e+01
6.386299620811173305e+00
1.073720022590151402e+01
1.105093844893521471e+01
7.767124124911501504e+00
1.601513490311500831e+01
9.227188983320063542e+00
8.923454946365009022e+00
9.215220079286790877e+00
1.272345017097006803e+01
1.533669147925604470e+01
9.615671420634917865e+00
7.874936233310909195e+00
1.039713191387303581e+01
8.444210519911404589e+00
9.438184671005098281e+00
1.414724312958193941e+01
8.366663793381132308e+00
8.221529127161526063e+00
1.161223974894830313e+01
1.143728108196222060e+01
9.359031265929877108e+00
1.293656708022026969e+01
1.120597195712836225e+01
9.649939629413580633e+00
1.057094251122278905e+01
7.251817660447053449e+00
1.013452085675674041e+01
8.401349773881099381e+00
9.266618020133877920e+00
1.223111399429961921e+01
1.422436839252991803e+01
9.564817579802554093e+00
1.065620935375961231e+01
9.913402891482899548e+00
1.316060514092082734e+01
1.015665695357424880e+01
1.134017337723816432e+01
8.949898996511182148e+00
1.284432303379092133e+01
8.204329074452889614e+00
1.016520627752633388e+01
9.108536148488507678e+00
1.247798964216094397e+01
1.155375230972557610e+01
1.020513103335887983e+01
1.011320922314827442e+01
9.621131844857888638e+00
7.818440605830363488e+00
1.009324814056124708e+01
1.541423199648442477e+01
1.023501859411549830e+01
1.497156608132027422e+01
7.213795227700653179e+00
9.653997499964052764e+00
6.909974624477193572e+00
8.237035228317338920e+00
9.784508773043988583e+00
9.207447699504641037e+00
1.124789094811032442e+01
1.082106894695447252e+01
1.097558595016477767e+01
1.054988416175416077e+01
1.363283490241800777e+01
6.063509304618516005e+00
1.104988521879806562e+01
1.362355214759535293e+01
1.226222229050850210e+01
8.430236157300710076e+00
7.950384352308215163e+00
7.728089348065086739e+00
1.547124439401008367e+01
9.416291187721329337e+00
9.472854422424711984e+00
9.634010980985081574e+00
1.093632500539409413e+01
8.220226828586728374e+00
9.918240156022582354e+00
8.499500278277126952e+00
9.777201911388342381e+00
1.174617100826967508e+01
9.441945562350854360e+00
1.199490404580498115e+01
1.090028497445675093e+01
1.026116111049293167e+01
9.419111082085052544e+00
8.618624582656650546e+00
1.256894693910968996e+01
1.252262154209910783e+01
1.521801409563771124e+01
1.368419938268850977e+01
8.485770329855487404e+00
7.351383984894231283e+00
1.032319707943182685e+01
1.230803669001707767e+01
1.351155240284562709e+01
1.276766989087176718e+01
1.081953191537208170e+01
1.417919629045942820e+01
9.528225302904724359e+00
7.978678562049048573e+00
9.343625363029220310e+00
9.874893307947647969e+00
8.193639470932577495e+00
8.136808009857361412e+00
8.619287645306123125e+00
1.340812402504490386e+01
9.429523781046967201e+00
9.384154008060729524e+00
7.643302942720556992e+00
7.888580513140280637e+00
7.994936046365115345e+00
9.824669655778905053e+00
1.133006140595835198e+01
9.554985112003766545e+00
6.650768649490284012e+00
8.091658310699074264e+00
9.226191389868017012e+00
1.531826714817935731e+01
9.433753206371219946e+00
1.118239229196344020e+01
1.385628169861909598e+01
1.260844267308483957e+01
1.223770679570009534e+01
1.082536098808117764e+01
1.070484580764381555e+01
9.147037234242320736e+00
1.032227041838511816e+01
1.653989797968613829e+01
1.028939919816114212e+01
9.039101120078404605e+00
7.239958947134647715e+00
8.422377444533452717e+00
6.771241453537849786e+00
9.388087979084561496e+00
9.012880170383002820e+00
1.662761845454921072e+01
8.894488511453715773e+00
1.055113556814136189e+01
8.181955972579510572e+00
1.057859523852282280e+01
1.746732646262286082e+01
7.590695843044334090e+00
1.289709714175609889e+01
1.288565443192423743e+01
9.838794370292946567e+00
1.126268645863446238e+01
7.232321055538937671e+00
9.089094473919267614e+00
9.826810498270502237e+00
9.958559276338720068e+00
9.761542476857266948e+00
8.509639021578921714e+00
1.278172789394808184e+01
8.713231342769283572e+00
1.976684018696506229e+01
1.659259286817709622e+01
8.658240167848054725e+00
8.831158473933742314e+00
1.208416166803227654e+01
1.647370919361094010e+01
9.353075119634608470e+00
1.204602341791887987e+01
8.637676028211062729e+00
9.444523445338903755e+00
9.234054228211133974e+00
1.262825070435154018e+01
2.030219264304067650e+01
1.188286313887216394e+01
1.060567075036019169e+01
1.038598401573817398e+01
1.010652911312794089e+01
1.230531156680854643e+01
1.148945432648683962e+01
9.300740857529474326e+00
1.000632105878898237e+01
9.885226766692312594e+00
1.320241952480628989e+01
1.071950663663621128e+01
7.105923845233613534e+00
1.494801049981624885e+01
1.309226376889806254e+01
1.066592201271450691e+01
1.267919885799205382e+01
1.252136807395130269e+01
1.206315481071804463e+01
9.268796327572374594e+00
1.554597735004569081e+01
7.827533099399571981e+00
1.089616602118354116e+01
1.861952235557645707e+01
8.933514098360934241e+00
8.115945120751682396e+00
1.432094964770842793e+01
7.770498630147028685e+00
9.111670789058576858e+00
9.250943140635495610e+00
1.298743586355624657e+01
9.884892423348739854e+00
9.929832601426223704e+00
1.076585143499137409e+01
1.585079525316207594e+01
1.698601708702699042e+01
8.279776563003821366e+00
1.208879206325980071e+01
1.589111213196569494e+01
7.643367277493935852e+00
1.048401339400871990e+01
7.236703542180046078e+00
1.158785757693346596e+01
1.074039748562170438e+01
8.267942901843870374e+00
9.649988524569158344e+00
1.287675337702840928e+01
8.427201449806490885e+00
9.747037693738132447e+00
1.068824852509340495e+01
1.239581949416589879e+01
9.567439581935738957e+00
1.177252842609675909e+01
7.109342820278362396e+00
8.698699081064798833e+00
1.153982587616044775e+01
1.366386101726310542e+01
1.054085600287908875e+01
1.051359950904553742e+01
1.013760163995350538e+01
1.663500899938233601e+01
9.296918158463510551e+00
7.505381031518167489e+00
7.425452174219914880e+00
9.206148580151133132e+00
1.164775803035171542e+01
9.254676438084024070e+00
1.094064398139891914e+01
1.285903797967347550e+01
1.159722801450846852e+01
8.549351876418617380e+00
9.867734579671148865e+00
8.885959707266716023e+00
1.262277200876562944e+01
1.077510511468111076e+01
9.372690153104453969e+00
9.727395698687505643e+00
9.220855634548991375e+00
7.591120513350525734e+00
8.278266751572040505e+00
7.041767581830138845e+00
9.711061820025554070e+00
6.917576256068024065e+00
1.757747004440895466e+01
1.884537321070973803e+01
9.845162980501473982e+00
1.018787886811764487e+01
1.027749220659655016e+01
8.960707957526730993e+00
7.914198875561450741e+00
1.271274478708134126e+01
7.986955914639661813e+00
1.226385115038851836e+01
8.407688787145470855e+00
7.183546443529063019e+00
8.022334075197910863e+00
9.184708948364461278e+00
7.316377199893461025e+00
1.238552926234313567e+01
1.076180101110008458e+01
1.282667523044698754e+01
9.300208706174755591e+00
7.482822708772004283e+00
1.464555922861364223e+01
1.099434923661012498e+01
1.315384431440357638e+01
1.463581104834604396e+01
1.104379808084085468e+01
8.106393585470151208e+00
1.124384925032358851e+01
1.064516567910123612e+01
8.095528016675935135e+00
9.210361471229731478e+00
1.015157822314595215e+01
1.040817323741796052e+01
8.971863309516006524e+00
7.209477996036192771e+00
1.245967125556342658e+01
7.608009721013188731e+00
1.431579529785440030e+01
8.061418196212571274e+00
8.247393126067990465e+00
8.964136779900943708e+00
9.286668729896815577e+00
7.766621757000218729e+00
1.110823894145623747e+01
7.458322539588505329e+00
1.260511507315717594e+01
8.965390127149497346e+00
1.275395914734922975e+01
1.142703895605299103e+01
1.327999064311726585e+01
6.889466112273550102e+00
7.296870620344393821e+00
8.947996415245340174e+00
7.599977696595498600e+00
8.169729667173195153e+00
8.528822025285093034e+00
9.998953063528242424e+00
9.749461780278343426e+00
9.204849236749199193e+00
7.121762820362803836e+00
8.924963251996722136e+00
9.065157998853914378e+00
7.725761416163013706e+00
7.350229643726113871e+00
1.116209599803787711e+01
1.008552206747807567e+01
7.557179014775180725e+00
1.354238361977778737e+01
8.939983285366396970e+00
1.091701290587073458e+01
1.274854306647450741e+01
7.148498591604712793e+00
7.339699397915721235e+00
1.046991315042176751e+01
9.590886051987972394e+00
8.781629287371128356e+00
9.753538159050497924e+00
7.090714661671237984e+00
1.621866309612548207e+01
7.859132565521265157e+00
1.016530647152507250e+01
7.331419669834795982e+00
9.025943026156301841e+00
7.800465290228223658e+00
6.999641961779648369e+00
7.560553968424605920e+00
7.908910782178372401e+00
1.427755616917313475e+01
1.249864994332697243e+01
1.268614106704812805e+01
1.032008424088235543e+01
9.822977475355019195e+00
1.429644751229307253e+01
1.144817891474198746e+01
9.618685281617468164e+00
9.191633416836014092e+00
8.328725409815202596e+00
9.277450319544598756e+00
8.544027970026535357e+00
8.141510844768548694e+00
1.044423989419355259e+01
9.517887436725464667e+00
9.396526185252801255e+00
9.624953208867482957e+00
8.783377179657014366e+00
1.097550410585566638e+01
8.207991884134900218e+00
1.854389892801483342e+01
1.111202190506064902e+01
8.966086334082676856e+00
1.184354869923111941e+01
8.381386805544083884e+00
9.051862764390707028e+00
1.020631838997579699e+01
8.566541519962443729e+00
9.786259499658182648e+00
9.406966685184702470e+00
1.147463220672296735e+01
7.418456650925758566e+00
7.646475130335049997e+00
5.466515833553738268e+00
1.956394754990306240e+01
1.810267568735159571e+01
1.019528691998215564e+01
1.005325870109839848e+01
1.453168003132958752e+01
1.099395100522627367e+01
8.355894712260383272e+00
9.854748271683432037e+00
1.450091668166798797e+01
1.339686090449624700e+01
9.602298804162131773e+00
1.110079418110272975e+01
7.029398963546556800e+00
8.605171636038846827e+00
9.842851918724200289e+00
1.241986273532259411e+01
1.540817812299160572e+01
1.071556327474069370e+01
1.757761295694582060e+01
1.415401135636018992e+01
1.411174690889844108e+01
1.436992517994322682e+01
1.170685987968941255e+01
1.006287901086698611e+01
9.579005945622617091e+00
1.501841236438149174e+01
1.204813551689617768e+01
1.089239933948617889e+01
9.999688906100640651e+00
1.055572056406374948e+01
1.335537579913439821e+01
9.763513744957982965e+00
1.138627007156836868e+01
1.470865075394434029e+01
9.506178000985849863e+00
9.954661689911354472e+00
1.075951501293482337e+01
1.102342047631313804e+01
8.538197876428821331e+00
9.112707240356161975e+00
1.531424406515468384e+01
9.528807236171209283e+00
1.005695188925455419e+01
1.295214846323914593e+01
1.223301397949780345e+01
1.075135394522875565e+01
7.924891411744945380e+00
7.674586588050026137e+00
7.531910514785173483e+00
1.132235006125795707e+01
6.582752596888802543e+00
1.367674373362280171e+01
1.158720261605945723e+01
9.702279433053886848e+00
1.353466496312842793e+01
5.782472081660136709e+00
8.840432491789899316e+00
2.353197170424252249e+01
9.601254179249446352e+00
6.882139748639872323e+00
1.187031705348617727e+01
6.524942815313244715e+00
7.485888061084969181e+00
8.342589563662830443e+00
9.799752633410149016e+00
7.930075220784774892e+00
8.446238803063826239e+00
1.059548919650890042e+01
7.000153416955896546e+00
7.322984473726123156e+00
7.979220855877542817e+00
8.597674930808489435e+00
1.937936047873278156e+01
9.873235040759382741e+00
7.440074475519709907e+00
7.932481777471579676e+00
1.034597444443701875e+01
1.098113262776121779e+01
1.996974083177712700e+01
1.021957949917639574e+01
3.017950290170847794e+01
9.766510720937112922e+00
1.118591573402631312e+01
8.201315234296775003e+00
1.017044367037011554e+01
8.001646318973358873e+00
1.060563139739663008e+01
1.014487067887114868e+01
8.044246174273274264e+00
6.254440269957987297e+00
9.605605629944932389e+00
1.033724253302139395e+01
1.011891444136643159e+01
1.074992938280965227e+01
9.595611772752567603e+00
1.382935369225672595e+01
8.280655406406991048e+00
8.867027567878180250e+00
1.403172227240385972e+01
9.002422718678610991e+00
8.129193795967148972e+00
1.075650622653327382e+01
8.151347972881811899e+00
6.153953967280021864e+00
8.281229568279554698e+00
1.096005663982855793e+01
1.172219054015316253e+01
9.134906208699753449e+00
7.106656119787649217e+00
8.328234723857798727e+00
7.945624778854825543e+00
7.307826690067988018e+00
1.001796812317085106e+01
8.614334385916439629e+00
8.343040180002605055e+00
6.830915650005118245e+00
1.019932680230078148e+01
7.254958025850894998e+00
1.179993595061477052e+01
6.251740822036684797e+00
7.102228828465831256e+00
1.019032058110140326e+01
9.589708767942651590e+00
1.166390828394303192e+01
9.516256691499998865e+00
1.119036189282654803e+01
1.210181785566107138e+01
7.197013255357342487e+00
8.437103745398626842e+00
1.380086147870894031e+01
1.293418961003748535e+01
1.304892452459913343e+01
8.600710305843023207e+00
9.212648335864146887e+00
6.701635305032657364e+00
1.127443088709823549e+01
9.834809646515791925e+00
9.776187595302857858e+00
1.112062039794411916e+01
8.316718004091525174e+00
7.616282091215833994e+00
9.062910670836947347e+00
5.437902501489674023e+00
7.295334513352099037e+00
7.327553562566563095e+00
1.168871937609660705e+01
1.139958604060973357e+01
8.379144265016767790e+00
7.676420300539749775e+00
7.809775150347682882e+00
1.047030670102505390e+01
1.244040351778967590e+01
1.211275360907291798e+01
1.453043837513942371e+01
1.202937865441627530e+01
1.937572837737734233e+01
7.884415054371889831e+00
8.055522324204767770e+00
9.510776979641471840e+00
1.625246796097368573e+01
1.134187781015868701e+01
1.152304848896027956e+01
1.535873708481053690e+01
8.492092753197002963e+00
7.146187739300305708e+00
8.992253124256340158e+00
1.292115039226537121e+01
8.286856058560864824e+00
8.332568966990882231e+00
9.064118957743154681e+00
1.139184201813369413e+01
8.039570759154351265e+00
1.133044122052989167e+01
1.375812654230402465e+01
1.401398093647972054e+01
1.106319656827413489e+01
8.052690429703384112e+00
1.171685023417966320e+01
1.047323854652276687e+01
1.384487586202216214e+01
1.019127068906379741e+01
1.154607344639570243e+01
8.201415588416807623e+00
1.129934812384925991e+01
9.334028857801609291e+00
9.379217843049419301e+00
7.981042835992690598e+00
1.344588753162948080e+01
1.138523836985858217e+01
9.760491270820891074e+00
7.981912096200880491e+00
1.160327391258334373e+01
7.743143509324877272e+00
7.684520140209972539e+00
9.672326100862314036e+00
7.565259722622914573e+00
7.937555343107224104e+00
1.147750719059732027e+01
8.855924425063253835e+00
9.759510759888872400e+00
8.837210564946467173e+00
8.035765493277578386e+00
1.061657274435782661e+01
9.187772131927987473e+00
1.378684813861859482e+01
1.328010579120255485e+01
8.640812382374425837e+00
1.252228811072993153e+01
6.507840285913134792e+00
9.637950931014689360e+00
6.398706112712559957e+00
7.736574505807555013e+00
5.838766550055538573e+00
7.793396578341963199e+00
1.270819784771153138e+01
6.524833369127977178e+00
9.593733967834083387e+00
7.372944110713632426e+00
1.147492904027370741e+01
1.402305357205284864e+01
1.344178788046755813e+01
9.624943313066786743e+00
1.250247265281173448e+01
9.824914031927225011e+00
1.391756690373321526e+01
9.840418935980922654e+00
1.267128285740342086e+01
1.290008752106167833e+01
1.229464905530420893e+01
9.727417879983610405e+00
7.906009888066384939e+00
1.240237258295489831e+01
9.276459204524243773e+00
8.816600200130212173e+00
8.629781945592124970e+00
1.331704851004571566e+01
8.084238994858321092e+00
7.325623943913171843e+00
8.271740806519195743e+00
1.478521890110115322e+01
8.119321730625616240e+00
9.812424304049807589e+00
8.317756260196970786e+00
1.130854151910544658e+01
8.693603007401694782e+00
7.363565480153670073e+00
1.207771349061931687e+01
9.732049142871710856e+00
8.233380670454096162e+00
1.144214174009787932e+01
7.901755543538877546e+00
7.034402115660115307e+00
1.008140855001920677e+01
9.818944299954132759e+00
7.984067644043191692e+00
6.290731058721536151e+00
1.263841342009108537e+01
9.286543171883961278e+00
7.897373622423906170e+00
8.075802097433255611e+00
6.871329498750662346e+00
1.068598737232260731e+01
6.445156034304029724e+00
9.359174038607120494e+00
7.779289636623236248e+00
8.507304710396033087e+00
7.132512141218636970e+00
7.584546280571437649e+00
1.016419731118055836e+01
7.737877795511183265e+00
1.008774224599271108e+01
7.835615847103688303e+00
1.228615376542267335e+01
1.147431607390342378e+01
1.441427008503136342e+01
7.728122080772117819e+00
9.199292588188789921e+00
1.185672895370659141e+01
7.592229810058959139e+00
1.297074585116932077e+01
7.727066387591301044e+00
8.592864021411159570e+00
9.767607887299849523e+00
1.295202153720929594e+01
1.714158519227837374e+01
8.571945791058395159e+00
9.807957386259475996e+00
9.869511659767129075e+00
7.807136435289632637e+00
7.281591077238559251e+00
7.608292212422095524e+00
8.667682207466292255e+00
7.401207585931089739e+00
1.106943349318908432e+01
9.336480996203297522e+00
9.016753317474975660e+00
1.213377341021567091e+01
8.787943039247995358e+00
1.132528809695464922e+01
8.516809578348976117e+00
5.885603949307989247e+00
1.088336953855551492e+01
1.145509387005189339e+01
9.076327201532210509e+00
8.675898990135697986e+00
9.407726939925753484e+00
6.728982934151879647e+00
1.043850580518211224e+01
8.350636324833557111e+00
9.929382337848412732e+00
1.054385345294723386e+01
6.725107247943397759e+00
7.034907951718217589e+00
1.065430224972226725e+01
1.010656676855999159e+01
9.976102085668468789e+00
1.172465603303792392e+01
7.579488572905233923e+00
8.308927531470033045e+00
8.112927367946355162e+00
7.243680330414663082e+00
1.333019483891216339e+01
1.203682537138283593e+01
9.587334498185143161e+00
8.782979866578861206e+00
6.074416706828075441e+00
1.119376551693509647e+01
9.173410913439242975e+00
8.429459431645964784e+00
8.241645734348145069e+00
6.614569051973326452e+00
9.823411377044505954e+00
1.173146567639633986e+01
7.814534288727454481e+00
1.263752289402401274e+01
1.041023559527152997e+01
6.351226235196520520e+00
9.794119371109104577e+00
1.063610727175323234e+01
1.128948507115665301e+01
1.360124918083449330e+01
9.855916748263643612e+00
1.318469612809543179e+01
1.066957412868690369e+01
8.015986143451613088e+00
1.553029678099808208e+01
9.056063443404376301e+00
1.022959365252715713e+01
1.067980682316326657e+01
1.484753398184111894e+01
8.369829362325289068e+00
1.006588841608416018e+01
9.496079546639055735e+00
9.045205080354964622e+00
9.642397564397407805e+00
9.470764864666833205e+00
9.769108251308249891e+00
1.246441649040601440e+01
8.065324784759994259e+00
9.294155731692764988e+00
5.448679739410216882e+00
8.586317070338644442e+00
8.421240528537069281e+00
1.000505923739899572e+01
1.084757093891413859e+01
1.000573120779031377e+01
1.072856100902813559e+01
1.119064522489919611e+01
1.825892592146620785e+01
9.756665448248137196e+00
8.116983450042498660e+00
1.047367106962868988e+01
9.024772497491007073e+00
1.084642838592032632e+01
9.339826330941974675e+00
9.997348597506821477e+00
1.268990441628991483e+01
1.061393893413997525e+01
8.775899361842995461e+00
1.034968044033112911e+01
1.017648822166817801e+01
8.379290437665391167e+00
7.860303827015453493e+00
7.933311883753328964e+00
1.068813579197461827e+01
1.225567634598239231e+01
9.165867256464066415e+00
7.096392267670378118e+00
9.440995734153082353e+00
8.848900866113021735e+00
9.722618077036587536e+00
1.085972391702171080e+01
1.047049297824115932e+01
1.135362720499721334e+01
9.960524854401970885e+00
1.299735628442589608e+01
8.240867422239455564e+00
1.238636573247088180e+01
9.669616655873298328e+00
8.667802346674729819e+00
1.557038271950486674e+01
7.959094128814030888e+00
9.448977709982591122e+00
9.497628722342502883e+00
9.998801694627561076e+00
7.374502796972053353e+00
1.249425460246206221e+01
8.429311252848664893e+00
8.192761266861404934e+00
9.406534734657792995e+00
9.144371173384351792e+00
9.957604522109974710e+00
7.449558694267008008e+00
9.254280878829398205e+00
8.951300545217634408e+00
8.462780921118925548e+00
9.477743333490387556e+00
1.104481076305930998e+01
8.221273326803803627e+00
9.927797432105398556e+00
1.117153380632142934e+01
9.698404764878397089e+00
1.006312722807214577e+01
7.322312917485859884e+00
1.340768031051021758e+01
8.260992623736404639e+00
1.458726537827001657e+01
1.076807792013758913e+01
1.369154599109247528e+01
8.456554912336278207e+00
1.010044335503839719e+01
1.216600126488087774e+01
1.053535438268553648e+01
1.325846546934443992e+01
1.079760306361700373e+01
7.861153840994043129e+00
1.570768581581392631e+01
9.911399915897225910e+00
8.887733834783325904e+00
1.328613311028228239e+01
7.207020896279225042e+00
1.173926086184215301e+01
9.031962840214189825e+00
1.145821754965859007e+01
9.774431698261022206e+00
1.158045841741553161e+01
8.911414146376097634e+00
1.202517927442882062e+01
7.455040446655185171e+00
1.201443295933232136e+01
1.213279334615284455e+01
2.089275964536412289e+01
1.006463234474458446e+01
8.810869344444355988e+00
9.421802022029694967e+00
9.763820324346436763e+00
8.378733738166614486e+00
1.165512265315921780e+01
6.822561854331047115e+00
1.138066462412796298e+01
1.219440360037732241e+01
1.032593197306256805e+01
9.173331544384895508e+00
7.385143311190881299e+00
7.595958113659861510e+00
8.180991845425399589e+00
7.580214941958413277e+00
1.278715912235691299e+01
9.629266573551023001e+00
9.963746666324405865e+00
9.010407948752749974e+00
6.818618257916450709e+00
1.000987896555984058e+01
1.070428795917282194e+01
1.030519783674054146e+01
1.030120621509098733e+01
7.862306784853637431e+00
1.766234546623778812e+01
1.109524261665769806e+01
9.656023215840145113e+00
7.483322200519095801e+00
1.124688817523304785e+01
9.254148810199204434e+00
8.963303922559312298e+00
1.175530817380480464e+01
7.987795842777805078e+00
8.771808063984442683e+00
1.114206879923984062e+01
1.083444392656685196e+01
7.359132995799400945e+00
1.127829890695434401e+01
1.599848684201571380e+01
9.091203394603541099e+00
1.293662008065738966e+01
1.299440705409420360e+01
1.116906591555956574e+01
1.290362734133492673e+01
1.188394084510429138e+01
9.264859436931526915e+00
1.057091640156946255e+01
1.143959042437372098e+01
1.252396864850071623e+01
1.083725788921694644e+01
9.150532711899129978e+00
7.210746832344650414e+00
1.025013919750678326e+01
9.898451279432794792e+00
1.027141419929986199e+01
7.591496362531591657e+00
1.169852127217444249e+01
9.277814036559854927e+00
8.921857408566346237e+00
9.042835783354636447e+00
2.791712452245910470e+01
8.719385146144063015e+00
6.913080163824128377e+00
1.085047505398130241e+01
1.091964277189907406e+01
1.055810615306862843e+01
1.038764733841208532e+01
8.907854317623467466e+00
7.735916245510344957e+00
1.346965747708317451e+01
1.048605208090689089e+01
2.383453905542052098e+01
1.248056038037251980e+01
7.384535454547010325e+00
1.105455543812790786e+01
8.800033717161786839e+00
1.277998443181413180e+01
1.021385587319775823e+01
1.085419236326711534e+01
7.628770771546787621e+00
1.101272387888302440e+01
8.848198362817321083e+00
1.250943871067990187e+01
1.146031980001662376e+01
1.326595361864130140e+01
9.252268830862576010e+00
7.393977034960078853e+00
1.469502384171193299e+01
9.419586968947056604e+00
9.218516911981808448e+00
1.369150944708875173e+01
6.367334002491596756e+00
7.026856789680410387e+00
1.168205730824251809e+01
1.164444710909453917e+01
1.432555552936784338e+01
1.043193647723995277e+01
6.735351480733426932e+00
8.822311739394528729e+00
1.287513820595949454e+01
1.115103276310519220e+01
1.873379091677626107e+01
8.386390023325661858e+00
8.559718206429323573e+00
1.000310695108757386e+01
7.531135043960246023e+00
1.090342701201386078e+01
7.861924652078604581e+00
1.110399268272384532e+01
7.333827916451504336e+00
1.379172960754328692e+01
1.430920759274201259e+01
6.857248654553184330e+00
7.865984490142248653e+00
9.775825525278321493e+00
9.338861614746862827e+00
1.116273134685204838e+01
1.059982614136460732e+01
1.035024325871084194e+01
6.842916752320948426e+00
9.403428334107987396e+00
9.354517026239383526e+00
1.421178207259650428e+01
5.649896032444685190e+00
6.165124887012232158e+00
9.318478645164118390e+00
8.718827961900268875e+00
1.508248532584336488e+01
8.825305710196330367e+00
2.202368371834355187e+01
1.101353779828527557e+01
9.752136649815602354e+00
9.598411122877097412e+00
9.306813134776461993e+00
1.196537279248177832e+01
1.161170677745078272e+01
1.098316654449690866e+01
6.145502565274903795e+00
1.221401947562143242e+01
8.491096384787548246e+00
7.092652888315253534e+00
8.817001014999398478e+00
1.145773219606463478e+01
9.401367233924389666e+00
1.153203047112443080e+01
1.160502459739052128e+01
7.825345050992578599e+00
8.490427170582879768e+00
1.193046224952477807e+01
8.923390094444178189e+00
7.664078005387088055e+00
9.416306110340910251e+00
9.171822594375454329e+00
1.132205441085023168e+01
7.282057483452193836e+00
8.007008879104782650e+00
9.865143500814751221e+00
7.703960518444457506e+00
9.080700710341060855e+00
1.191065827621452655e+01
1.142475380464123091e+01
9.793112135863722756e+00
7.518436086425827725e+00
1.228922416706276977e+01
1.615695566055239496e+01
6.261425814934699297e+00
9.404449199283721583e+00
1.341557967547496055e+01
1.341333040265574006e+01
1.296640287031877392e+01
7.810073912326543244e+00
8.133036009413837419e+00
7.836363480035517526e+00
8.247189523114238696e+00
8.240150007929608833e+00
9.410946851763531740e+00
6.614686920850433971e+00
7.883265417438095390e+00
1.048200191287193306e+01
8.512762064090349412e+00
7.380802493513897389e+00
1.278151841750216988e+01
9.620707639538331080e+00
8.334040050220785645e+00
9.298083634204617809e+00
1.037481375479500478e+01
7.317692856509705024e+00
7.447639605323780110e+00
8.620491984160414844e+00
1.046847524914125671e+01
7.149321516509834495e+00
1.035688752654030864e+01
9.558322057146616757e+00
7.057600773294798735e+00
8.387655397204524022e+00
1.110817913644745580e+01
1.033120259650743478e+01
9.883276518705603308e+00
9.682570814100033729e+00
1.366067098066610086e+01
7.513945052850256268e+00
1.064449059421549570e+01
9.443611322794822627e+00
8.568537751806143632e+00
7.776892979301022635e+00
1.206546287062424483e+01
8.326414616799842960e+00
9.340711375189728827e+00
1.151308339224532773e+01
7.544524472816722671e+00
8.583703869998126734e+00
9.079769644985537624e+00
7.400160452880357731e+00
9.676518521085359481e+00
1.180540658214977690e+01
1.991455634374077377e+01
1.320252643519726554e+01
5.951080881497816222e+00
9.077075554761101728e+00
6.428702655017167089e+00
1.078648486010297880e+01
1.236748231019106647e+01
1.088844320276222177e+01
7.459889231368094009e+00
1.063896300915655324e+01
1.038923750538143587e+01
9.247492505123855011e+00
7.917742632477743570e+00
1.059199184611616928e+01
9.641481060006263704e+00
9.371082861950741361e+00
8.937725073072108728e+00
8.009499281607347143e+00
8.975278045369469382e+00
8.702112351270859136e+00
8.152839701636047209e+00
8.106939885723157602e+00
1.111931290273116169e+01
1.080444776157718856e+01
9.887625424929135320e+00
1.040522637916393656e+01
7.736408231746340292e+00
9.722333803870419899e+00
1.271700847923398392e+01
6.827979615060122853e+00
1.231795711239953839e+01
7.068819860746963890e+00
1.096585300595229029e+01
8.685035125026510983e+00
9.864221849586973789e+00
7.851431249808613622e+00
1.147059954402820203e+01
9.023219795653186992e+00
7.778633797562643615e+00
9.215583542665974903e+00
8.444083388604848750e+00
1.114887559222910340e+01
7.444861412017611535e+00
9.166874894483065361e+00
1.011902589149336684e+01
1.198747104968705202e+01
1.025871254157623369e+01
1.188252620430186468e+01
1.016908620481593317e+01
1.149179792790567056e+01
7.703188218387602149e+00
9.188415286516395497e+00
8.681826409367017661e+00
1.171383932338153322e+01
9.638976992264170818e+00
8.611551672206683605e+00
1.087507178477748226e+01
9.206107836278487611e+00
7.618781359628073346e+00
8.755770255039823979e+00
1.032579297571702526e+01
9.303518921135811581e+00
6.021209508839541868e+00
1.205830576052052550e+01
1.285808978673154890e+01
1.010485776765184696e+01
1.310782647953296021e+01
8.168872537578517168e+00
8.166061247203410645e+00
8.562765976540656965e+00
1.005751543822470495e+01
9.124190704667114460e+00
1.213395044360031960e+01
6.783675241149550672e+00
8.918568661667301001e+00
1.258177099583963710e+01
6.412253743270653672e+00
8.878181136670832529e+00
1.128646214057354946e+01
8.270932119447921949e+00
9.727328655418865822e+00
9.546319186675210844e+00
9.335968978902936755e+00
9.293628535743884811e+00
8.947334179207846461e+00
8.121706432414619314e+00
1.001687933957679988e+01
1.114153431833204344e+01
8.157210833461935096e+00
7.159709617976030671e+00
9.977232791956188507e+00
1.039651424232094534e+01
1.305578223988781517e+01
9.694550788708506062e+00
1.557738943071274740e+01
1.617557767706520977e+01
6.041249758439184880e+00
1.034628713302089942e+01
7.463342174339505419e+00
1.350489994770417823e+01
9.118498404724068251e+00
9.928280658640467493e+00
8.416533578949623617e+00
6.617709723004503886e+00
9.539797258774846966e+00
7.689870933327488167e+00
9.678195168761110523e+00
9.184876112857290664e+00
9.601172589124084666e+00
9.962083725693211989e+00
8.391726565356524503e+00
1.060898029867585457e+01
9.617458481670555059e+00
9.690677712703125835e+00
7.372554490396781013e+00
6.867406474722881349e+00
7.565392313551662085e+00
8.901151638740714134e+00
6.425539418018313853e+00
9.879122638811338675e+00
1.426419363430482790e+01
7.103375190704420028e+00
1.357891145178534309e+01
9.767071477117381662e+00
1.424694828567420046e+01
7.637342069362545338e+00
1.138618926068752835e+01
6.839504186746196090e+00
1.152602979675386585e+01
9.670724991661064252e+00
7.531822676970223895e+00
7.789200259788032099e+00
1.118835747520309098e+01
8.870463377056912790e+00
7.256859660427299019e+00
1.025536981963083427e+01
6.558301728535267827e+00
8.700267490592930031e+00
1.275678654143130331e+01
6.997723555310669141e+00
8.728083313824104295e+00
8.749329755332732717e+00
8.932431180563840556e+00
7.230844473359232971e+00
7.478277059000965288e+00
8.105874300755916195e+00
9.903769721789551284e+00
5.982087811816040102e+00
1.394751396671004429e+01
8.269374598551372912e+00
7.058811297481444313e+00
1.201806282601880760e+01
8.826966803729979105e+00
8.839094245889780765e+00
1.001947864380852948e+01
1.308358424230253725e+01
9.100210492472301738e+00
7.772366063129443781e+00
8.217903167520979935e+00
7.459488872542689997e+00
8.692795635644001706e+00
8.412606335638180610e+00
7.672756854740107713e+00
9.982079100330897958e+00
1.051866611103131355e+01
1.351460862046534750e+01
5.817859181859593498e+00
7.327441906500970603e+00
7.754415420531604042e+00
8.191912032497860707e+00
9.068624802444846367e+00
7.966916686232399236e+00
7.215584201757186733e+00
9.065157152866595069e+00
5.880257615092716605e+00
1.226134957171016637e+01
1.381176912857806194e+01
8.172995105300820740e+00
1.337761979389926914e+01
8.430721936908048164e+00
1.356872746699587395e+01
9.233011329751830587e+00
7.735620453715120526e+00
7.395603713818532654e+00
7.342548950604702362e+00
1.254379112511030847e+01
8.409520653009442626e+00
1.163101034444703075e+01
1.027761726489509719e+01
1.027736125760825381e+01
8.457091692726518062e+00
2.061380487534499650e+01
8.886126712642886005e+00
8.972496484433920116e+00
8.244235783153238017e+00
1.052245627931194072e+01
1.058969628716984168e+01
8.188347748241891821e+00
8.953620288669030813e+00
7.828499625551273766e+00
8.394236980318227737e+00
1.342231078846142722e+01
8.440449014170161135e+00
8.074850135198197165e+00
8.205972511689365589e+00
1.284922808882363832e+01
7.517849921691161619e+00
6.810509266351364666e+00
6.020083756786809737e+00
7.017732564458253997e+00
9.311268582016840156e+00
7.683768624358672916e+00
8.405873177423545783e+00
9.814566691567963019e+00
1.161942758785337837e+01
9.113471376014668834e+00
7.625999831403307283e+00
1.144313363922157123e+01
1.417841501703292550e+01
1.110270463676318187e+01
8.062946537656658919e+00
1.707750461820939591e+01
7.111898309431080811e+00
1.267371276051595075e+01
6.689267551244709509e+00
9.519612654143649877e+00
1.839542504488681729e+01
7.277061474688848897e+00
9.041757748162913444e+00
1.009772168852190610e+01
7.341832800262914738e+00
8.167644925539855549e+00
1.262350598169948945e+01
1.021150677248421523e+01
7.967163620022493120e+00
1.067783472392429900e+01
6.554484707041837943e+00
6.523031009180034978e+00
1.068526134890140789e+01
1.069203691102279841e+01
8.512202864477284692e+00
7.833305331170915764e+00
1.125327876273012606e+01
8.125464365329673200e+00
1.478231876731324590e+01
7.050987926388827987e+00
1.073799844417772320e+01
1.331233784265328346e+01
8.181619988500118623e+00
1.019080079042955234e+01
1.290198043194761190e+01
6.382510299673887388e+00
1.477798258700239309e+01
1.276085196033733205e+01
1.046740367764756563e+01
1.014598986283719384e+01
1.394097959989584368e+01
1.050215352462359597e+01
1.358144845933875899e+01
9.538354049114015965e+00
1.631496890736261562e+01
9.423735410292101378e+00
1.018793905512768383e+01
5.584089268383520377e+00
9.737349271189344790e+00
8.784107020249757980e+00
1.080686715074409499e+01
1.131057033638362341e+01
1.040248251699864745e+01
8.606037700984009220e+00
8.107935126688515126e+00
7.338797147153030664e+00
6.938197730654459328e+00
1.605428981673022548e+01
6.203130529362590906e+00
9.741142941608858408e+00
8.204828780524701770e+00
1.078623430641147785e+01
8.483674649871781881e+00
9.359708947011370128e+00
9.232873178965744998e+00
7.638113281043267477e+00
1.128404932044660036e+01
1.204575797119129810e+01
7.868309224227592935e+00
1.098409135021414329e+01
8.055197415528096982e+00
9.537037032768232336e+00
9.802906259440725023e+00
7.791420976831568979e+00
1.325652236658122263e+01
1.316287154989197461e+01
7.856310544471527102e+00
1.625353029012451245e+01
1.272739071561391633e+01
6.823086430422043769e+00
7.289337528974846769e+00
9.479993200962315569e+00
9.160212069269663360e+00
1.200062442347035052e+01
8.650981664628821122e+00
1.015862627869223367e+01
8.086923298585347197e+00
8.828055785250015219e+00
8.015773614350765186e+00
6.843187668271879076e+00
6.865392673891543396e+00
8.677263215928851636e+00
7.515775298068008148e+00
7.358708894214008644e+00
1.202124436594269241e+01
1.092418411905131670e+01
8.776848361358036144e+00
5.857289001121348981e+00
9.051546823939190745e+00
1.605705019650999077e+01
1.588052634704419219e+01
7.848812293357053882e+00
7.924540874786659472e+00
1.269300410601349327e+01
7.588901795971199959e+00
1.426291126241868490e+01
8.867230396494628408e+00
8.044341979173047719e+00
1.277630540758287658e+01
1.037248590891513089e+01
9.124208024184175869e+00
1.168782629607330570e+01
8.809951188322610705e+00
7.868342606595487787e+00
6.566183277839730437e+00
6.995696488749685749e+00
7.828733330952165836e+00
1.478357018458527783e+01
1.015772434707232108e+01
1.094200413516177228e+01
1.369077793409547184e+01
1.069402207549612349e+01
1.196788714305094459e+01
1.140511875655580631e+01
7.413076302171934806e+00
1.451939543174170666e+01
6.184418635490188443e+00
1.019833839428794242e+01
1.595080817173151466e+01
8.122209593342294198e+00
1.285036775334506132e+01
8.250322432807333684e+00
7.629629813546269901e+00
7.628656002106636080e+00
8.010303967738432007e+00
1.098199667161611082e+01
8.329770439064496657e+00
1.478945846628288940e+01
9.256155339663497017e+00
1.461787438720672405e+01
8.222697325908043808e+00
8.000766560878982858e+00
7.008408513025406350e+00
7.639136909769968398e+00
8.825173797529382469e+00
9.139693552819879940e+00
8.705974973876708489e+00
8.331060786352471936e+00
9.844564683443833175e+00
7.912205234900679507e+00
7.171205937090323168e+00
9.895028304638383787e+00
1.481190420866606239e+01
7.607627050777627353e+00
1.483728684567512701e+01
1.008102289711226618e+01
8.604572056620446219e+00
1.211813038803695974e+01
1.041394465411365111e+01
1.257447698125961111e+01
1.404387815938541451e+01
8.542845139726322756e+00
7.703637555869841336e+00
1.137958916339290916e+01
1.020568658895536274e+01
6.658474029427688734e+00
6.920771129660916010e+00
8.963853322259932810e+00
1.338318175140424593e+01
7.860416823079136250e+00
1.587974560412611780e+01
1.032032825507616636e+01
1.168095675868051941e+01
9.816131066215254108e+00
8.983406847913427029e+00
9.285436185204554604e+00
7.176535933463121353e+00
6.401181917263234489e+00
1.106997042980799684e+01
9.997847847125017395e+00
6.894019742352067048e+00
1.640723702527568406e+01
8.292856304017544034e+00
1.000013838188743520e+01
9.870926585924186369e+00
8.729819176676944181e+00
6.587002836096351288e+00
1.397785848811147247e+01
8.123851775265695352e+00
9.709162203551795045e+00
1.261680247558410706e+01
8.526961397790323360e+00
1.213726007222840941e+01
9.859171714003009512e+00
1.074394672166072695e+01
8.889369938464728449e+00
8.628182272904387773e+00
6.220635595721507372e+00
8.224997977981407971e+00
1.382348051525189447e+01
1.630091145914612838e+01
6.317642028085373340e+00
1.241861936998613380e+01
7.334859309709319319e+00
8.736411304983906945e+00
9.819978275974374782e+00
7.523692260266254372e+00
6.714416724492886956e+00
1.358726510977295021e+01
1.131778954391447911e+01
1.495267407699398277e+01
1.234479662118011056e+01
1.001435314257488329e+01
7.372437965723683817e+00
8.600970048647173627e+00
2.345199505141523488e+01
8.193611865048440634e+00
8.527140336412358579e+00
1.361358037737673676e+01
9.688837244256301773e+00
1.057521617801111269e+01
1.173531080805359927e+01
8.811751838627346345e+00
1.083004388988056199e+01
9.961716872301343173e+00
8.129731115797332208e+00
1.017140132860696333e+01
1.258296725267520522e+01
8.689962335527036785e+00
7.368000851375210658e+00
1.199474336955200826e+01
1.553942795780321440e+01
1.181677984163930617e+01
1.242420233524291895e+01
1.103024493189493249e+01
1.016644687532496505e+01
8.922574147879268835e+00
7.579016617406482581e+00
1.066405665728940377e+01
9.669368788510393387e+00
7.907948569681012785e+00
9.377350009625709859e+00
6.716750812845486251e+00
1.469016973412103688e+01
8.979515650890078859e+00
9.952849899321991600e+00
8.244757889721000765e+00
1.356370441619949929e+01
2.063092426388671896e+01
9.866904933623061424e+00
1.258611211661233220e+01
1.019561135978166000e+01
1.591674089090787447e+01
7.460970667073908658e+00
8.929966209605552763e+00
1.048838524416779094e+01
2.464005928876906637e+01
7.103056153285247198e+00
9.639517438593667720e+00
1.296830829643709926e+01
8.319395209250025403e+00
1.117986630985834218e+01
8.196124736940115341e+00
1.446253127657099036e+01
1.211808256392888694e+01
1.085626944611766653e+01
7.622176281613802118e+00
8.460939608354827612e+00
9.736052696933311879e+00
8.487909589068365790e+00
1.035058995249245406e+01
1.511997144725849829e+01
1.594117200940241119e+01
6.362655424568259832e+00
1.011208187651361001e+01
1.268987119647732875e+01
7.945971618324167096e+00
6.359387506190556927e+00
1.170437975254603202e+01
1.221541782718108493e+01
1.049180024317945659e+01
1.242760587672723993e+01
1.229234878323362601e+01
1.007074830216725658e+01
1.290030150117110352e+01
6.868458208945783738e+00
9.224033678860440233e+00
5.173431770787718875e+00
1.272001784971470606e+01
8.153827753217697705e+00
1.145703820414549057e+01
9.502691307309069302e+00
1.015848884798768026e+01
1.234282739129713313e+01
1.080473577557745912e+01
8.412338774697895261e+00
1.170906426287384861e+01
1.250796468504134396e+01
1.256569943110817711e+01
1.068709434578663675e+01
1.319634196218574296e+01
1.084931333286491828e+01
8.805605801307429203e+00
1.393256391603310362e+01
1.133017910706252174e+01
2.083461510880649925e+01
1.281671304210788698e+01
9.520003025901949911e+00
8.612872933567642164e+00
1.789397260405027268e+01
8.949018240949834890e+00
